0 0.0
1 0.06
2 0.12
3 0.18
4 0.24
5 0.3
6 0.36
7 0.42
8 0.48
9 0.54
10 0.6
11 0.6599999999999999
12 0.72
13 0.78
14 0.84
15 0.8999999999999999
16 0.96
17 1.02
18 1.08
19 1.14
20 1.2
21 1.26
22 1.3199999999999998
23 1.38
24 1.44
25 1.5
26 1.56
27 1.6199999999999999
28 1.68
29 1.74
30 1.7999999999999998
31 1.8599999999999999
32 1.92
33 1.98
34 2.04
35 2.1
36 2.16
37 2.2199999999999998
38 2.28
39 2.34
40 2.4
41 2.46
42 2.52
43 2.58
44 2.6399999999999997
45 2.6999999999999997
46 2.76
47 2.82
48 2.88
49 2.94
50 3.0
